Conta;Operacao;Valor;Saldo apos operacao
42425-5;Deposito;500.00;800.00
42425-5;Deposito;2000.00;2800.00
42425-5;Deposito;300.00;3100.00
42425-5;Deposito;440.00;3540.00
42425-5;Saque;100.00;3440.00
42425-5;Deposito;100.00;3540.00
42425-5;Deposito;110.00;3650.00
42425-5;Saque;312.00;3338.00
42425-5;Deposito;105.00;3443.00
42425-5;Deposito;50.00;3493.00
42425-5;Saque;55.00;3438.00
42425-5;Deposito;400.00;3838.00
42425-5;Saque;40.00;3798.00
42425-5;Deposito;100.00;3898.00
